WP01: [1.842681, 1.084743, -0.030137]
WP02: [2.304686, 0.998834, -0.109854]
WP03: [2.950920, 0.563727, -1.538519]
WP04: [3.095569, 0.008559, -1.490240]
WP05: [2.981222, -0.712560, -2.940710]
WP06: [2.415008, -0.815378, -2.787459]
WP07: [1.750457, -0.916390, 2.955639]
WP08: [1.061008, -0.873639, 1.858454]
WP09: [0.936253, -0.127327, -3.098480]
WP10: [0.305101, -0.021252, 3.047953]
